selected_model,selected_budget,accuracy,avg_cost,p95_latency,n
qwen3.5-flash-2026-02-23,0,0.95,0.00029693019999997496,14.333729045005041,20
qwen3.5-flash-2026-02-23,256,0.95,0.00031923009999996,11.370016229995237,20
qwen3.5-flash-2026-02-23,1024,0.75,0.000552962899999975,28.87872400999695,20
